104 27 320 1 65 4 129
152 51 334 1 90 7 131
256 82 213 1 88 6 131
221 99 42 2 92 10 134
177 108 358 2 91 16 131
307 112 53 1 64 3 132
286 118 60 1 81 5 135
93 137 307 1 79 2 122
283 147 237 2 78 2 144
268 151 234 2 80 5 144
201 152 180 2 92 28 118
226 161 219 1 89 10 120
74 182 126 1 69 4 120
140 184 309 1 84 4 128
194 193 130 1 87 57 119
158 196 122 1 90 7 128
209 197 172 1 75 44 116
258 205 246 2 85 5 126
203 210 77 2 70 73 127
175 212 116 2 89 10 137
195 224 82 1 82 27 136
92 227 305 1 82 7 121
156 232 299 2 87 3 133
180 244 92 1 83 22 133
157 245 126 1 87 7 130
60 256 310 1 56 7 122
182 261 63 1 73 35 128
172 263 113 1 73 29 134
185 283 225 1 58 41 121
148 285 303 1 85 12 129
272 286 232 1 73 6 125
162 292 337 1 72 29 127
236 294 226 1 88 13 118
152 295 149 1 81 13 128
103 301 319 1 84 8 124
189 301 185 1 84 16 116
212 301 213 2 86 13 115
139 303 320 1 80 9 131
256 313 215 1 74 9 120
145 315 343 1 86 13 127
67 321 143 1 48 3 120
89 323 334 1 73 9 119
221 330 191 2 85 8 114
100 339 343 2 74 8 122
114 349 351 2 74 9 121
146 352 358 2 70 8 120
276 354 209 1 41 12 120
