280 20 14 1 41 8 127
139 44 317 1 63 6 114
251 46 8 2 82 13 123
151 78 317 1 80 4 120
199 100 333 1 89 7 134
304 123 209 1 76 8 128
269 143 35 2 91 10 135
228 154 358 2 92 18 133
339 160 61 1 48 6 133
144 186 306 1 86 1 124
340 186 240 1 43 4 141
320 191 230 2 69 6 139
251 198 177 2 90 27 118
278 206 217 1 88 10 116
127 230 130 1 85 6 117
190 231 307 1 84 4 131
245 238 136 1 86 53 118
209 241 122 1 87 6 131
260 242 167 1 75 42 114
311 247 243 2 72 6 124
255 254 85 2 70 81 123
227 258 115 2 89 9 138
247 269 82 1 82 28 133
144 276 303 1 91 6 120
207 281 296 2 79 4 137
232 289 90 1 82 22 134
210 290 125 1 83 6 134
110 301 313 1 77 8 115
235 306 61 1 74 37 129
224 307 116 1 74 28 137
237 328 222 1 51 43 122
200 330 303 1 85 12 132
216 335 334 1 72 31 131
289 338 226 1 68 11 120
92 340 330 1 56 9 126
205 340 146 1 81 13 132
265 344 210 2 74 12 115
242 345 187 1 79 16 118
155 348 320 1 80 7 127
191 349 320 1 78 9 134
117 358 151 2 58 4 123
198 361 340 1 73 12 132
309 361 219 1 39 12 123
