141 7 126 1 62 8 119
167 9 309 1 53 4 117
223 11 334 1 46 11 127
260 16 14 2 75 16 136
258 32 156 1 90 25 136
166 39 116 2 88 7 125
269 48 30 2 95 23 135
140 49 119 1 87 6 130
254 82 22 1 85 55 119
268 99 64 1 84 36 129
166 102 106 1 87 6 138
259 106 84 1 77 39 131
106 108 126 2 82 6 126
228 121 88 1 91 9 129
198 134 90 1 90 5 130
177 155 90 1 90 5 137
293 156 246 1 81 14 119
157 161 98 1 89 10 127
305 184 229 2 74 14 126
148 186 113 1 87 18 119
234 200 42 1 90 10 127
149 204 94 1 82 26 121
323 220 205 1 44 8 130
135 225 343 1 44 72 113
232 232 233 1 89 8 129
112 234 351 1 79 15 118
285 236 15 2 47 3 133
298 238 199 1 52 3 131
168 245 225 1 86 9 118
193 250 232 1 88 10 121
114 256 18 1 74 15 125
148 260 199 1 87 8 118
304 260 198 1 57 7 134
239 262 215 1 86 9 129
247 288 196 1 69 5 128
270 298 5 2 44 6 126
140 302 201 1 66 8 124
150 324 191 2 47 9 120
