213 16 144 1 64 9 109
154 28 316 1 41 4 110
162 41 319 1 56 4 108
153 47 136 1 48 2 106
227 54 338 1 79 10 104
139 60 315 1 49 2 101
112 81 133 2 34 4 103
152 86 319 1 80 5 102
270 94 172 1 85 10 116
230 99 344 2 86 9 117
198 108 140 1 86 4 119
264 110 11 1 83 11 126
153 116 136 1 82 6 110
176 126 320 1 87 5 119
311 127 28 1 56 4 122
297 130 195 2 73 6 128
241 131 156 1 53 9 130
232 134 350 1 51 8 132
265 140 18 1 89 12 135
169 155 123 2 90 6 128
143 160 127 1 88 7 128
260 160 167 1 89 19 137
271 176 33 2 93 20 134
332 186 54 2 52 8 125
250 207 26 1 88 49 119
98 210 127 1 52 4 119
159 219 109 1 87 7 144
261 224 67 1 82 35 124
251 229 87 1 75 61 125
218 240 91 1 93 10 127
188 249 94 1 89 6 134
328 253 68 2 42 6 125
166 269 91 1 87 6 140
146 275 105 1 89 10 130
286 282 247 1 89 15 115
135 300 115 1 79 17 122
296 309 229 2 65 15 126
135 317 88 1 72 28 123
220 318 43 1 89 9 130
121 337 26 1 38 81 116
216 348 234 1 86 8 133
153 358 232 1 88 11 124
274 361 21 2 58 8 130
285 361 203 1 57 9 127
178 362 233 1 90 9 123
276 369 205 1 66 10 125
